10000
 84 48 32 78  8 75 65 72 91 67 38 92 12 96 60 32 38 71 25 34 53 45 97 75 44 56 32 22 76 63 18 74 92 68 31  6 34  7  9 12 30  3 30 69 55 43 13 29  1 98  4 31 51 29 84 75 24  7 64 32 57 85 79 32  3 61 75  7 15 52 84 34 78 28 89 45 91 33 75 67 14 37 44 37 32 31 31 67 18 21 70 13 56 61 61 95 10 20 62 60
 88 67 95  4 18 80 68 44 29 12 92 94 15 55 25 94 50 55 91 55 96 67 30 96 49 33  8 96 90 81 53 66 30  9 55 60  7 53 75  9 13 18 15 27 24 64 84 61 96  6 36 13 16 55 84 38 51 41 77 41 11 34 61 48 46 26 84 12 94 77 82  4 23 91  4 57 47 24 19 24 98 82 39 85 12 43 31 15  6 20 36  4 16  9 67 48 79 66 15 39
 13 37 16 17 73 67 33 45 73 39 85 84 14 80 88 88 11 38 30 24 93  4 60 32 38 84  6 34  7 76 86 97 74 60 66 57 10 73 79 25 77 64  2 73 36 93 78 14 18 90  1 84 31 23 34 46 93 89 73 93 38 96 51 11 81 23 81 55 16 42 37  3 17 98 39 36 94 13 12 21 26  1 20 40 66  3 54 38 83 96 23 35 21 65 66 75 16 48 70 65
 10 96  1 55 34 89 36 46 53 23  7 42 11 13 24 53 84 68 21 68 92 25 70 91 34 20  2 61 48  4 96 59 39 59 81 32 57 29 85 94  6  9 83 83 34 22 11 11  4 41 51 77 89 43 90 17 91 90 35  8 30  7 88 37 89 50 97 54 97 60 40 96 85 51 75 20 40 67 35 18 74 35 66 67 28 64 15 85 42  7 53 28 98 21 30 14 83 84 74 14
 50 68 14 88 59 29 26  3 59 33 12  6 85 67 97 19 46 49 38 96 68 94 54  9 77 55 67 32 73 74 51 77 96 87 78 28 25 16 84 49  5 56 17 26 56 48 86 84 67  5  9 66 89 78 43  3 70 67  4 53 47 30 71 80 99  1 65 95 19 82 14 53 73 16 82 50 45 86 83 84 97 87 40 39 55 76 36 39 69 61  5 61 29 58 92 33 11 34 66 93
 10 96 83 79 51 38  5 75 41 87 49 16 29 97  4 75 52  7 58 19 48 87 91 63 75 62 78 14 62 63 31 46 99 25 74 62  3 97 34 16 66 51 54 42 35 83 29 61  2 79 45 14 64 42 47 85 77 42  3 77 71 11 69 98 27 30 73 12 79 16 83 13 83 76 77  4 77 40  4  4 57 10 38 67 66 71 14 78 61 94 50 47 39 43 50 20 65 68 80  6
 16 60 23 26 81 61  5 11  1 10 78 31  9  3 90 96 77 66 91 12 88 14 13 18 55 79  3 95 18 97  2 95 36 46 85 37 91 95 35 44 32 82 61 91 80 61 67 86 12 64 42 82 52 92 94 59 87 77 14 42 29 68 56  7 40 34 59 51 73 70 75 60 85 91 20 61 30 88 38 97 65 51 83  4 82 16  6 11 92 50 31 89 70 32 69 34 21 34 95 94
 23 70 43 81 59 22 79 32 48 81 84 62 21 59 97 12 42 70 66 83 10 52 61 93 54 33 78 44 47 99  3 15 73 79 62  9 32  2 28 20 63 35 97 82 41 65 22 68 29 36 10 62 63 85 71 32 23 18 26 75 80 34 48 82 87 79 69 10 74  9 12 64 36 41 77 35 78 95 53 52 75 92 72  3 61  3 85  4 55 24 70 40 61 85 61 89 64 43  8 27
 34 65 34 24 63 87 31 65 64 25 50 66 48 15  7 32 97 98 88 28 65 88 72 21 15 52 29 49 39 47 33 73 46 42 60 81 73 60 80 92 20 70 30 37 49 74 68 48 48 17 26 48 97 46  8 72 54 74 95 97 79 62  6 33 31 56 14 38 29 42 53  6 46 97 67  9 12 41 28 24 73 48 97 31 34 28 57 21 71 43 69 92 89 53  2 66 91 70 78 22
 33 11 85 70 32 23 99 51  7 80 61  1 22 30 71 60 92 60 15 66 48 95 14 12  2 86  1 98 16 98 95 80 15 43 24 19 48  4 20 55 38 55 55 94 22 47 64 45 21 68 80 77 48 14 55 58 92 24 94 33 76 94 68 80 42 14 26 59 50 48 83 31 44 25  7 93 88 31 63 15  6 72 66 96 20 28 76 54 64 22 84 41 31 65 57 14 19 89 57 68
 78  9  4 14 98 47 19 54 22 58  6 23 64 93 91 39 94 17 21 45 57 36 80 67 19 61 84 95 78 39 91 96 59 86 54 60  7 72  9  7  4 53 92 42 49 44 88 90 89  4 90 96 47 19  2 29 67 80 28 58 94 25 14 66  1 32 65 47 11 54 99 56  3 90 83 69 51 37 92  8  7 59 49 99 42 17 77 15 85 70 28 60 68  8 18 70 97 35 32 74
 87 38 26 74 69 86 98 21 89 80 53 21 32  2 17 63 84 78 45 84 67 20 84 78 42 46  8 75 24 39  3 64 47 69 29  9 43  7 16 37 22 82 30 34 34 95 75 20 54 44 53 68 92 70 53 15 87 92 93 19 47 32 89 59 35 86 62 76 42 64 73 79 39 43 87 17 69 53 64 25 61 55 58 73 25  7 54 89 13 97  1 10 11 50 62 24 28 29 88 68
 73 18 68 31 65 62  6 17 75 32 83 55 50 45 29 74  9 61 63 50 61 13 57 30 46 72 49 47 42 32 76 46 25 74 56 96 61 37 67 51 76 39 91  6  6 48 37 19 79 14 16 60  9 77  4 32 70 30 39 38 23 25  8 42 72 86 54  4 20 61 68  9 78 24  7 98 39 96 70 25 50 91 10  8 67 38 91 42 80 99 81 26 53 39 72 63 74 54 37  2
 69 24 15 50 74 87  8 76  3 13 22 86 23 66 97  4 81 32 80 55 63  1 82 65 50 97 70 87 71 24 41 60 74 12 19  9 41 75 31  2 78 24 97 65 83 60 95 79 31 91 38 41 84  5  8 29 65 22  7 63 92 89 58 72 30 10  6 90 39 80 73 59 85 50  8 98 99 39 77 88 32 53 43 42  1 27 86 15 83 34  4 11 49 90 43 53 68 98  7 70
 12 41 89 59 74  8 78 90 25 17 75  7 30 44 82 69 46 31  1 42 24 47 86 24 36 16  8 39 55 53 65 95 91 47 96 29 35 12 39 23 98 54 82 30 11 90 53  7 43 27 98 48 40 75 91 67 33 99 27 86 90 53 32 89 88 29 66 21 85 72 32 44 44 60 50 78 90 15 62 11 97 71 82 98 22 28 65 79  7 21 29 78  9 64 67 43  6 68 37  7
 84 99  8 79 65 86 91 94 21 37 24 11  2 68 16 75 90 12 64 67  6 11  7 14 78 59 43 21 22 91 96 81 21 96 27 21 55 37 74 38 88 76 64  6 28 68 23 85  6 30 52 11 62 41 10 20  4  1 38 58  4 74  2 64 18 66 58 37 88 61 31 97 13 43 18 68 37 69 85 56 56 81  3 64 94 37 48 40 22 50 41 63  6 37 64 91 36  6 80 64
 26 50 50 76 49 48 27 42 71 16 46 36 69 66  1 51  5 64 90 41  6 69 51 16 62 46 53 25 66 14 83 15 13 50 80  6 87 99 45 43 60 98  4 99  6 75 40 67 80 39 67 17 61 12 76 67 91 17  2 46 38 79 63 69 75 48 31 35 50  3 36 57 15 56 21 37 60  2 19 79 89 23 64 74 28 30 32 42  1 13 98 61 13 94 28 83 27 78 67 35
 97 56 70 46 32 72 17 65 61 32 53 31 90 28 29 48 82 75 47 35 77 40 94 93 86 43 92 80 68 27 18  4 19 59 30 41 91 80 70 22 72 51 62 31 21  8 69 94 35 91 55 12 94 55 97 95 89 10 83 60 76 21 69 53 42  7  6 43 61 59 22 65 90 42 76 64  7 67 49 89 27 24  3 14 10 59 76 33 87 75 37 91 22 38 66 24 30 89 95 28
 89 34 67 77 49 81 36 85 54 53 95 32 38 12 45 52 66  4 59 99 80 13 95 17 52  1 15 75 75 97 12 44 11 76 64 58 15 44 88 23 57 65 93 43 82 91 46  8 89 81 32  9  1  1 16 48  3 79 78 88 10 14 71 10 44  7 32 35 87  4 95 76 93 47 84 66  5 98 78 36 89 38 43 95 17  7 58 70 94 91 80 67 97 24  3 16 92 92 43 54
  5 29 24 15 23 87 76 63 87 61 24 64 62 61 96 20 31 98 95 43 30  1  6 38 36  5 44 23 40 44 36 83 33 85 49 82 91 24 27 24 46 10 77 90 86 88 57 58 81 41 12 92 97 18 96 46 58 34 40 68 63 24  4 14 78 35 60 94 31 43 63 54 32 67 38 87 28  4 51 14 39 94 97 21 68  1 54 62 34 82 49 56 15 39  2 56 79 39 51 39
 55 72 64 84 28 56 18 93 32 36 63  9  9 20 53  1  2 54 39 77 62 21 36 65 37 40 43 45  8 54 30 72 63 92 69 68 53 92 36 25 33 64 34 87 30 68 89 76 36 29 73  4 78 16 76 47 53 31  1 37 72 31  9 25 38 28 83 77 61 94 25 66 47 12 67 19 77 93 25 64 99 23 36 77 57 32 53 21 73 57  8 10 14 23 14  3 48 50 62 10
 41 71 21 78 77 48 27 89 62 44 88 54  1 82 68 53  1 29 61 82 90 16 55 63  8 75 77 75 45 77 27 82 14 33 72 88  8 93 31 11 24 66 19  4 33 99 66 12 47 63  4 97 82 46 93 18 64 33 43 92 65 75 56 33 35 85 40 98  9 11 63 16 43  1 64 46 76 13 91 52 72 90 92  3 13 35 35 19 29 37 64 69 30 55 86 26 96 31 86 82
 36 12 62 59 30 89 81 87 94  9 58 97 82 60 50  9 26 20 48 29 80 24 99 98 44 79 15 42 23 69 92 85 26 57 28 15 31 65 35  2 34 19 45 92 21 22  6 94 56 81 62 37 32 30 23 40 96 52 99 86 74 96 42 25  4 50 21 84 27 63  4 36 27 23 87  1 65 19  4 16 16 49 67 52 33 84 14 28 63 26 57 87 44  6 31 91 77 43 56 84
 33 15 70 11 87 48 83 13 24 94 90 96  6 99 11  5 63 18 61 68  2  1 59 94 61 86 63 43 37 35 15 59 97 43 31 17 20 66 84 38 45 85 28 34 10 52 99 48 40 56 65 38 54 25 44 77 87 28 53 15 59 72 32 71  7 75 87 19  6 99  8  8  8 28 82 97 97 78  1 56 16 18 34 87 48 90  6 28 21 12 24 10  6 48  5  7 76 30 55 51
 16 14 26 76 26 54 34 27 21 95 40 27 73 26 87 36 94 38 94 62 92 20 10  6 22  3 88 73 60 25 55 21  5 23 72 17 48 95 69 34 17 64  3 77 36 93 50 77 90 55 28 17 67 30 50 53 36 21 98 99 43 75 20  7  9 88 39 29 57 74 85  5  9 96 36 49 54 35 60 76 15 77 74 47 46 15 99 68 62 37 10 37 50 91 92 60 51 18 79 31
 70 16 89 94  2 48 41  3 18 59 63 71 33 83 66 37 63 48 17 46 98 32 57 59 34 81 22  5 39 65  3 64 40 38 94 33 84 24 82 24 50 72 15 69 94  4 95 86 88 96 72 50 29 33 32 60 84 51 67 33 63 32 81 91 53 59 28 18 35 74 85 18  9 78 79 51 32 12 13 19 24 26 47 16 20 13 87 59 29  2  1 12 98 68 45 97 28 93 23 23
  9 95 30 11 82 78 32 70 63 30 27 82  9 98 30 52 22 92 37 92 22 31 99 81  7 66 82 89 21 50 24 91 53 34 58 54  1 68 55 48 89 26  7 41 14 71 19 38 69 42 50 21 59 36 52 50 31 70 44 96 21 36 82 40 93 78 71 21 22 43 42 84 99 16 81 88 45  3 21 26 85 74 60 28 69  9 57  1 99 68 36 67 50 56 63 54 42 70 30  2
 40 93 95 44 62 61 39 34 44 44 53 38 73 51 55 18 13 38 19 87 26 96 27 76 69 12 37 94 97 91 55 13 87  6 29 70 33 73 26 10 86 44 44 71 23 82 85 16 84 11 56 36  9 36 44 16 68 99 84 92 39 76 24 91 24 65 59 71 52  6 50 73 81 50 28 92  4 22 60 72 16 10 95 43 27 20 71  3 76 17 96 52 33  2 77 97 49 55 20 34
 44 64 76  1 73  7 51 40 78 71 47 54 73 16 69 79 50 21 58 74 52 52 74 47 27 94 12 11 94 52 50 12 17 96 30 88 39 50 67 25 85 81 74 56 56  4 24 87 26 64  7 92 91 95 26 24 59 27 84 35 28 31 98 33 61 99 95 62 91 21 40 30 51 48 29 88 96 49 13 78 91 21 83 37 26 33 71  4 45 18 15 93 49 66 25 96 58 20 20 60
 78 51 44 12 87 12 57 91 63 21 98 38 65  6 11 13 18 46 36 74 87 34 74 34 93 25 95 74 65 43  2 50 82 72 62 94 90 64 65 19 59 88 55 26 49 84 71 43 67 14 60  1 75 89  4 25 31 72 89  8 31 10  9 15 17 12 85 79 38 43 19 52 21 15 63 67 35 67  9 77  6 12 89 16 79 43 93 56 66 73 91 14 84  5 59 66 33 94 16 34
 93 30 41 91 20 61 16 65 91 11 26 84  3 15 80 27 55  2  1 40 37 86 98 77 41 56 38 33 16 40 64  2  7 56 18 58 62 86 12 91 79 22 81 55 58 90 98 12 45 20 37 11 17 68 18 59 99 44 84 67 84 69 52 96 10 96 90  2 86 46 62 90 35 50 99  3  9  7 19 21 72 97 78 24 11 72 61 87 43 93 98 43 91 95  7  6 20 78 62 86
 68 89 86 80 88 94 57 60 25 28 26 75 46 83 54 57 63 49 55 67 39 76 41 54 24 32 70 85 37 72 96  1 17 66 14 48 47  1 94 86 11 13 13 69 59 69 57 12 49 46 32 70 40 10 30 21  5 86 88 67 48 94 13 55 73 24 83 55  5 59 12 60  7 20 83 68 91 99 39  7 78  5 35 44 82 60 45 82 89 65 20 51 23 10 93 83 18  3 40 31
 42 11 65 80 85  2 48 11  4 60 10 86 95 69 17  6 86 39 24 99 71 69 32 11 15 32 77 39 59 42 42 82 22 40 73 71 57 11 33  6 43 88 39 17 79 76 38 46 58  8 62 55 72  2  2 91 65 17 66 97 46 80 56 84 90 80 14 74 61 95 64 35 40 64 56 85 45 59 71 27 87 71 18 54 54 55 13 12 95 71 17 58 58 49 59 84 80 11 22 58
 74 98 86 50 12 17 51  1 39 51 95 81 48 82  8 25 11 25 63 60 14 46 48 42 11 77 35  2  8 58 92 10 11 63 48 77 56 21 71 93 44 80  3 16 98 40  7 16 69  2 57 96 12 43 38 89 53 93 77 29 72 95 82 39 14 28  8 14 57  2 22 17 77 70 88  8 80 93 47 96 92 70  8 56 66  6 25 62 69 21 91 27 60 43  6 76 63 28 36 28
 85 26 72 44 88 46 65  5 23 34 26 61 77 16 39 42 37 28  3 50 77 79 90 35 40 67 35 78 73 95  9 60 92 12 49 74 62 25 47 29 35  4 96 25 57 18 81 31 69 48 29 57 30 88 96 56 65 84  5 18 93 60 16 24 15 21 35 24 20 22 65 74 15 88 71 22 95 56 81 70 93 55 19 17 13 59 42 71 75 52  7 92  7 46 51  3 75 64 77 35
 16 51 55  5 41 23 20 12 93  4 87 83 23 80 46 75 49  6 68 32 91 81 93 23 29 79 24 53 79 98 80 66 37 23 61 57 78 88 78 74 84 34 62 60 56  7 45  8 93 35 25 60 20 24 77 49 15 77 49  4 19 28  5  6  7 41 41 41 78 14 35 11 40 12 73 66 76 59 10 11 34 50 73 51 53 82 26 35 46 58 50 54 66  3 77 57 82 12 57 35
 70 74 40 47 61  4  3 36 48 12 90 99 98 57 82 69 66  5 71 64 47 34 61 77 82 20 78 50 56 34 86 93 75 89  4 28 86 72 40 78 25 85  4 15 44 50 33 54 19 86  3 44 70 16 29 16 10 24 50 32 54  5 10 40 94 29 96 21 86 76 81 73 42 50 16 14 64 29 11 17 57 69 69  3  7 12  4 85 77  8 93 75 35 20 22 70 14  9 45 14
 70 71 36 72 19 18 62 81 85 82 14 38  7 42 78 91 79 25 48 74 95  8 70 74 93 66 26 52  4 91 38 21 76  9 22 97 60 52 29 21 71  2 50 73 81 42 97 81 44 56 36 43 64 10 98 44 60 37 30 28 20 84 23 75 81 41 63 47 55 61 69 60 17 73 36 47 81 51 55 68 96  6 47 21 61 44 59 20 98 12 58  6  3 46  6 30 94 12 96 84
 77 98 90 45 53 80 96 57 84 97 36 67 62 65 71 11 53 93 88 63  5 75 41 71 75 79 52 63 59 64 69 52 83 69 61 47 45  1 66 74 61 58 86 17  2 28 11 89 90 78 86 54 13  6 17 81 48 32 87 74 54 40 34 61 16 20  7 58 91 14 91 39 57 58 12 75 12 83 73  3  7 75 10 94 88 75 36 61 11  3 98 83 91 75 55 91  2 48 18 91
 28 92 25 65 12 66 74 26 20 15 78 70 20  3 76 11 33 60 55 12 42 34 27 33 19  6  6 99 50 96 40 83 20  6 30 38 42 99  1 72 92  6 53 83 34 26 61 48 80 27 45  2  3 17 78 88 18 59 70 13 58 54 78 89 72 24 79 15 51 23 72 39 27 35 36  3 35 58  1 75  3 43 81 76 40 88 13 36  3 64 39 28  3 58 97 91 20  9 55 23
 30 46 34 74 57 79 72 64 96 60 88 83  2 68 51 50 82 33 56 82 26 46 15 18 50 92 24 89 37 23 49 65 47 26 84 47 51 10 21 73 72 39 79 82 18 66 50 10 46 81 87 60 70 27  8 23 46 85 40  7 26 25 61 13 63 69 86 48  8 98 44  9  5 47 87 11 22 90 83 15 30 13 48 19 56 22 38 57 26 16 89 88 28 67  2 12 16 27 61 90
 66 12 20 20 17 87 85 20 23 96 67 92 17 52 37 34 36 49 36  7  4  8 74  1 20  5 89 78 34 96 88  9 94 13 32 29 20  7  6 88 61 34 24 50 73 69 18  2 96 20 40 31 83 32 59 34  6 83 55 99 25 22  8 60 99 61 72 31  5 97 40 18 13 48 88 58 53 84  7 38 61 41 99 58 51  7 62 96 33 51 36 37 84 98 18 24 20 14 45 90
 51  3 39 29 89 84  4 64 93 62 82 84 86 21 70 90 73 96 66 22 75 49 79 22 90 63 75 99 28 27 63 45 20 10 14 64 35 85 21 85 13 16 83  1 61 61 23  1  9 12 11 65 49 17 43 58  7  1  1  9 34 51 48  5 60 55 35 90 27 86  5 13 18  4  8 71 14 60 30 36 92 13 96  3 96 90 93 24 79 46 68 96 78 32 32 49  2 19 30 93
 81 22 22  8 97 32 11 99  1 17 80 11 50  4 81 31 99  4  5 64 42 78 16 31 38 18 54 34 58 31 89 84 44 26 55  4 27 55  9 16 18 23 67 17 87 37 83 70 74 85 64 99  9 23 39 95 26 46 63 82 32 67 61 90 99 25 94  8 64 71 76 64 93 67 97 15 98 13 80 64 69 64 65 21 82 54 92  4 84 60 22 92  7 50 50 69 61 44 38 95
 51 29 50 21 88 39 82 36 60 74 11 76 68 62 12 92 46 91 90 86 97 91 97 33 49 47 25 91 82  7 96 17 16 19 22 74  1 20 48 86 30 19 69 90 89 99 16 49 70  3  7 95 75 75 67 44 14 76 13 55 48 31 86 91 69 84 47 41 63 93 26 42 55 81 13 15 85 95  3 97  9 99 74  9 68 38 20 38 38  2 97 79 77 33 35 15  8 12 37 55
 40 36 58 52 64 51 56 78 43 64  3 18 98 47 87 23 60  9 51  1 43 30 25  3 25 26 77 51 11 35 66 78 32 21 96 36 72 61 75 34 82 15 58 60 63 48 95 57 67  8 68 86 35 23 98 89 78 19 62 36 44 36 64 88 72 20  3 87 76 91  2 54 61 57 19 48  8 61 12 50 41 56 85 26  3 79 83 23 61 18 44 80 55 41 22 89 32  2 45 70
 60 70 30 33 69 94 44 74 26 85  7 69 68 69 30 16 24 54 99  8 31 27 88 62 79 28 91  4 14 32  5 19 89 70 12 87 30 33  6  7 90 70  9 95 69 63 34 31 55 42 33 73 77 47 68 36 33 16 80 76 55 72 70 42 17 14 62 58  2 65 81 82 63 11  9 39 99 46 42 15 43 88 23 68 29 74 67 25 18 74 60 76 27 81 41 21 75 67 49  4
 78 91 58 14 89 48 56 25 47 26  8 82 11 84 72 65 44  4 79 25 22 20 57 92 37 15 23  5 88 46  7  6 87  2 36 81 94 71 56  5 36  8 92 21 75 68 40 57 19 24  6  4 14 14 61 38 25 25 35 19 59 13 22 70 90 86 22 40 94 18 80 53 24 90 69 89 32 25 47 59 81 25 59  4 51 63 18 43 68 62  2 58 76 74 46 25 84 32 30 14
 84 69 54 62  4 74 18 22 60 86 73  8 95 91 60 33 72 29 34 65 74 72 62 90 13 86 88 15 98 21 86  3 49 54 61 47  3 53 30 20 26 32 55 63 58  4 39 78  2 11 77 79 87 98 59 53 28 52 17 12 99 32 28 74 53 51 50 48 81 19  7 57 79 86 91  7  4 40 36 94 48 59 70 87 86 82 47 58 61 20 58  8 86 45 98 72 46 81 26 24
 35 59 55 82 56 22 42 39 96 78 98  9  4 71 99  8 82 58 90 89 40 85  1 16 92 31 51  9 64 18 52 56 93 60 94 14 71 59 20 86 38 86 88 20 45 89 10 83 26 61 64  1 75 92 90 72 86 61 51 68 26 73 52 48 21  4 52 41 32 64  3 95 65 37 71 98 35  7  3 79 94 22 49 18 62 29 33 33 69  5 67 10 35 16 11 27 17 70 68 30
 22 49 28 35 46 95 25 89 18 58 42 83  6 68 39 41 79 34 94 78 79 24 85 60 81 54 68 37 14 35 89 12 14 75 88 94 84 22 36  6 25 29 51  2 10 25 34 39 92 89 99 10 88 79 95 21 35 47 29 51 77 70 69 93 64 50 38 85 20 78  2 36 71 50  9 63 92 14 47 55 47 26 30 51  1 32 98 66 54 96 53 56 12 47 74 54 14 24 92 43
 24 21 26 38 55 99 59 23 70 51 95  5 78 21 31 46 55 34  4 38 79 57 60 69 52 31 79 43 86  1 23 24  7  4 24 42 59  3  1 54 96 54 11 71  3 98  5 62 29 39 32 56 37 27 32 23 69 85 70 83 92 27 62  4  7 75 20 52 53 29 94 52 61 32 31 13 20 29 14 87 31 95 11  7 36 49  8 75 67 72 40 67 24 98  3 83 99 83 47 40
 86  1 57 34 84 97  7 62 16 31 79 33  1 49 78 50 70 17 84  4 87 47 90 61 60 54 94 85 98 72 49 53 98 81 70 39 24 53 92 18 63 68 82 32 20 41 84 19 20 69 23  9 99 66 37  3 63 82 49 51 46 83 79  9  8 83 69 30 69  3 59 54 14 53 62 38 97 11 84 16 47 91 38 13 15 78 97  2 78 20 36 48 22 54 96 98 21 66 52 89
 46 46 79 16  8 45 20 28 81 96 44 19 99 17 10 61 74 33  7 39 37 48 84 61 40 18 73 82 27 36 76 24 14 79 43 23 68 47 13 98 51 29 41 74 10 26 72 18 56 74  4 67 55 94 83  2 47  9 92 95  1 45 57 58 66 95 43 61  2 14 61 71 23 39 58  3 92 43 22 72 69 44 38 13 34 36 80 97 26 52 39 42 99 94 70 41 33 84 82 92
  1 42 40 87 44 55 92 94 49 42 13 34 61 80 69 72 55 94 83  6 93 75 17  2 66 30 50 46 75 33 79 52 42 79 88 11  2 98 45 13 64 44 61 36 10 20 67 14 88 41 59 97 99  1 30 22 29 46 91 63 91 27 54 42 87 19  4 27 11 90 32 95  8 16 39 29 31 93 10 77 86 88 33 70 32 46  1 23 98 82 46  9 11 45 41 41 78 99 39 43
 26 49 74 46 34 70 80 91 71 32 82 77 87  4 91 44  8 27 54 98 70 28 29 18  2 65 81 94 48  8 13 89 32 88  4 45 78 69 77 18 17 59 84 97 11 95 77 56 80 58 28 16 25 14 10 48 61 62 27 26 10 77 96 16 52 19 62 45 66 20 84 30 83 99 21 94 64 19 98 72 43 47 66 10 28 25 24 82 27  8 39 27 60 87 25 96 41 49  1 66
  3 78  9 67 22 72  7 95 38 80 16 73 13  2 26 88 28 86 59 21 67 69 88 60 82 67 92 27 89 85 79  5 79 44 23 93 20 94 69  3  7 29 52 67 51 25 71 33 57 74 67 87 83 12 52 63 44 90 52 23 20 27 67 25 71 65 58 93 95 80 40 85 30 62 92 80 47 18 77 96 34 10 57 28 15 99 22 44 95 77 14 23 92 75 43 68 40 39  2 73
  7 39 64 88 50 26 76 63 27 75 28  3 60 62 98 10 33 88 96 80 73 95 50 88  3 24 95 42 28  6  4 62 40 79 95 28 96  9  6 88 52 94 14 48 24 47 20 25 45 36 80 26 97 61 93  2 73 66 24 31 65 55 72 10 21  4 94 91 80 53 40 48 17 63 39 98 93 27  9 81 90 93 94  4 72 34 33 67 70 90 32 87 63 24 75 89  8 14 36 38
 98 39  1 57 50 71 16 97 27 11 13 14 46 11 63  9 85 24 16 11 87 84 37 37 21 92 38 95 90  8 97 99 34  3 67 54 15  4 64 55 61 53 38 77 20 36 23  8 13 85 54 82 55 31 67 78 21 91 48 42 96 79 72 77 48 20 76 97 10 39 14 54 23 59 50 49 56 11 19 40 10 21 16 49 41  9 54 81 27 98 52 69 88 23 60 49 94 17 27 68
 67 59  7 51 18 78 77 28 34 74  6 19 19 80 27  5 43 95 45 86 90 35 53 37 62 24 69 60  5 67 77 67 52 38 89 74 41  7  1 35 66 66 47 25 67 58 75 62 93 64 92  8 48 72 17 26 46 70 18 31 98 90 43 22 67 46 24 22 68 87 65 13 98 18 18 13 64 98  9 56 63 86 60 29 17 27 66 39  3 43 36 50 78 51  1 78 47 55 75 64
 61 14 76 25 12 62 99 10  5 90 31 47 52 30 21 10  2 63 85  4 35 21 60 82 33 64 85  4 62 30 22 45 65 20 95 58 25 25 85 15 71 70 10 12 98 58 56 77 89 91 16 65 72 79 38 59 32 89 93 89 15 33 49 80 12 91 45 23 85 31 75 98 23 23 67 52 74 32 57 33 54 71 60 94 82 94 25 89 33 33 77 47 45 24 55 56 15 60  7 45
 79  2 80  2 13 76 87 92 83 10 26 50 52  4 79 81 70 33 86 50 74 49 52 11 25 59 45 31 74  3 21 80 24 56 24 39 70 11 15 75 68 47 71 71 24 43 94 39 67 63 97 92 83 38 90 37 62 92 32 35 71 44 87  2 73  9 31 96 13 48 53 70  1 94 13 16 96 87 86  4 48 48 43 37 66 47 25  4 97 73 42 72 75 56 68  5 16 72 43 33
 43 60 62 63 90  4 80 69 77 80 92 31 14 47 17 78 21 71 46 10 10 51  8 15 39 59 81  7 73 54 10 77 46 64 64 67 80 17 12 93 62 16 14 98  8 21 21 82 21 52  6 75  5 67 72 10 97 17  6 47  2 61 86 31 90 25 41 15 49 78 54 21 31 31  6  9 99 19 68 86 30 77 15 48 30 64 88 75 72 43 77 88 91 96 42 68 33 55 32 58
  7 26 64 54 45 12 88 82 99 95 81 99 95 83 43 89 64 79 16  2 69 95 96 13 68 58 51 34 11 12 35 75  2 97 10 70 52 92 38 64 50 98 90  3 49 50 19 87 20 46 29 50 75 81 17 26 92 43  2 45 48  1 13 64 12 25 65 16 84 52 89 21 27 70 37 51  4  7 32 52 47 97  6 55 68 52 56 53 56 44 87 92 52 74 81 44 56 38 17 12
 57 17 41 39 42 55 70 67 61 29 31 14 25 62 37 21  5 10 88 47 89 53 15 35 15 33 18 57 80 65 58 49 72 59 46 30 40 89 51 50  5 40 22 26 73 64 21 26 26 99 50 74 54 55 96  7 13 21 60 68 69 30 93 89 14  1 19 26  1 12 46 68  4  8 72 62 40 27 67 20 62 15 34 31 47 35 56 12  7 31  6 60 42 51 37 72 52  9 34 78
 40 51 35 61 10 50  8 20 12 67 92 22 22 98 94 29 99 73 27 26 41  3  9 44 50 47 10 99 40 94 24 63  4 38  4 42 61 31 14 17  9  4 26 27  3 35 43  7 78 46 50  1 46 24 86 46 80 33 44 54 16 22 81 78 77 98 51 95 79 58 36 93 85 47  4 99 84 60 54 21 82 31 78 54 35 28 11 19 56 19 81 84  2 96 58 43 78 55 81 78
 70 89 77 13 28  8 71 75 32 55 57 53 47 96 71 78  7 94 17 37 30 12 73 16  4 74 66 99 56 28 12 17 24 29  4 58 62 93 83 65 93 48 44  5 42 13  1 39 43 51 98 91 92 20 78 40 15 56 77  8 98 35 65 13 15 27 36 36 42  6  7 47  4 12 65 98 68 44 46 71 11 71  9  4 70 43 68 25  9 90 18 56 26 88 79 39  5 81 57 72
 62 45 14 76 78 70 31 82 65 52 94 81 63 76 58 10 20 80 22  9 47 72 81 48 92 97 94 37 35 36 10 19 47 10 88 74 23 91 10 23  6 96 46 52 34 36 20 71 36 27 24  2 74 44 14 14 87 71 66 24 32 82 93 47 57 92 25 39 20 91 30  9 93 32 10 33 43 61 24 70 45 75 75 86 18 93 25  5 35 14 56 87 12 59 70 49 86 85 25 37
 43 33 79 52 72 12 99 49 97 17 60 12  9 16 81 17 89 58 80 91 93 26 35 84 68 52 61 41 65 75 99 11 47 23  5 86 15 86 44 94 82  9 78 20 24 33 61 17 89 20 10 68 55  5 85 50 82 89 42 60 56 48 69 69 69 20 15 67 32  1 79 38 74 94 87 46 22 12 37 85 98  8 97 53 45 46 97 86 22 55 53 66 58 82 66 97 37 25 73 71
 66 97 49 16 30 76 57 57 67 30 45 93 82 99 89 82 27 40 71 67 34 71 92 38  2 60 30 52 57 89  7 96 98 20 11 41 90  1 14 47 58 66 32 81 92 17 91 16 92 78 16 40 55 11 19 80 55 55  9 58 23  9  1 65 40  1 26 97 81 66 44 29 30 93 49 62 64 31 67 36 76 43 51 24  1 94 46 17 19 39 60 17 11 28 95 19 37 76 68 38
 15 15 93 38 49 82 60 22 15 59 41 46 40 19  4  9 77 87 53 94 27 81 56 97 81 37 99 23 72 77 21 90 86 37 72 32 20  1 39 17 49 64 95 70 81 83 11 58 70  3 74 82 50 47 70 45 82 73 72 62 60 31 77 52 74 68 42 91 78 12 66 76 55 58 74 58 35 14 21  6 50  2  5 68 92  2 90 72 43 21 38 46 52 62 37 93 43 92 28 17
 95 78 35  2  6 99 77 78 68 82 89 60 75 89 98 68 92  2 13 69 78 12 76  7 32 92 12 59 40 39 13 30 77 57 44 65 56 90 69 21 81 59 83 95 85 21 68 13 23  5 42 91 87 22 31 91 20 38 22 60 99 87 42 76 65  5  4 11 50 83 67 99 11 10 74 65  5 96 88 60 90 64 94 71 53 78 99 78 67 17 97 85 38 59 19 25 31 71 35 56
 13 76 52 49 30 99 49 90 42 65 91 87 38 31 92 11 43 52 43 61 62 38 76 89 55 27  3 62 84  7 65 88 50 16 65 26 40 87  1 64 91 19 69 93 41 51 71 83 12 60 80 57 29 14  8  6 37  9 18 98 69 54 34 69 62 92  4  9 81 32 33 52 32  1 72  1  9 70 72 36 91 71 90  9 21 47 50 33 57 68 42 68 62 60 87 30 24 46 27 98
 29 86 57 93 24 97 11 52 86 28 49 85  7 94 11 74 31 41 69 46 64 18 19 26 76 60 84 73 99 62 50 17 88  2 97 96 16 44 54 15 53 62 64 25 61 92 39 38 82 96 43 89  3 15 44 45 57 92 90 77 36 73 52  9  4 27 83 42 36 24 34 72 24  7 85 12 44 68 31  5 37  9 56 81 91 66 80 26 83 90 80 88 66 58 69 40 51  6 54 83
  2 65 38 38 44 95 96 83 30 76  4  3 86 70  4 11 42 23 44 88 73 82 41 28  5 45 97 97 42 80 61 48 14 44 12 40 96 55 85 43 78 17 31 79 61 72 92 38 43 84 13 74 75 96 64 84 53  7 90 92 23 88 65 29 54 81 65 31 99 11 52 69 30 35 49  6 23  3 35 97 71 96 25 45 72 56 57 23 95 62 62 56 70 66 33 97 93 48 66 86
  2 85  6 12 14 26 51 76 68 43 54 92 88 53 75 90 83 81 31 79  4 80 88 42  2 47 44 93 82 60 37  3 90 97 63 90 39 31 91  4 30 76 83 99 41 92 22 15 60 90 10 60 29 74  3 26 65 58 83 31 60 80 67 99 83 63 51 98  4 35 82 24 71 79 65 68 56  3 77 50 90 96 24 43 10  4 95  5 43 27 51 92 48 19 98 16 37 94  8  2
 87 73 96 97 94 26 50 18 48 15 18 44 93 13 16 81 68 77 20 97 51 75 51 35 51 33 38 13 37  2 78 36 54 28 65  3 34 86  1 43 17 12 76 71 28 45 36 96 12 50 86 46 44 24 99 87 60 26 47 76  9 92 19 11 54 26 79 41 58 32 85  4 41 20 47 29 82  1 44 82 32 23 66 14  7 88 22 49 50 48 50 13  8 69 93  6 20 42 89 38
 69 27 85 40 91 13 83 32 80 78 10  6  4 45 90 83 59 83 51 92 80 97 27 48 26 31 77 74 68 98  5 40  9 32 88 58 19 13 95 19 82 80 13  6 87 10 46 63 57 19 34 60 93 20 23 33 89 76 52 40  5 63 95 13 44  6 93 37 58 84 57 51 79 99 41 92 26 60 85 81 89  2 21 69 19  5 38 38 59 98 15 99 11 54 89 46 83  5  9 29
 29 47 96 10  2 31 91 48 51 86 13 89 78 37 75  7 67 90 32 59 29 90 62 20 62 30 74 52 69 83 50 58 35 59  6  2  8 60 72 26 72 23 97 59 84 26 67 33 37 62 26  9 29 37 10 43 11  3 97 64 74 87 47 19 69 30 33 50 96 76 98 52 89 52 67 82 97 64 81 77  8 52 96 26 21 24 78 77 97 28 66 36 10 66 32 79  1 15 89  6
 98 62 95 24 83  4  7 79 47 50  7 44 45 39 84 68  4 34 95 11 46  7 45 46 19 61 51 78 87 16 41 38 77 96  2 12 21 55 63 85 91 72 41  9  1 48 88 18 10 44  6 95 66 91 61 94 79 15 61 27 73 82 18 36 33 57 57 57 52 29 41 60 28 21 96 18  5 52 65 77  6 30 53 61 48 78 97 98  5 61 24  8 84 11  5 18 99 18 20 73
 12 95  5 85 85 81 91 90 79 71 30 71 91 64  1  6 71 11  1  4 42 36 14 74 30 43 49 17 45 48 50 46 20 72 78 67 29 34 54 17 26 71 61 46  4 15 14 99 95 78 71 73 72 70 14 57  5 69 56 90 72 16 21 30 78 21 44 28 56 61 20 60 32 64 92 68 11 48 70 87 68 19 74 93 12 89 15 50 91 26 91 18 17 86 16 56 77 55 45 18
  1 36 38 54 70 11 20 33 18 27 57 84 18 18 30 73 10 21 20 28 50 96 80  2 52 21 26 26 88 33 82  3 31 34 63  5 94 19 98 48 63 12 70 75 60  5 22 44 51 82 38 29 32 13  7 63 81 75 50 11 68 56 19 75 46 23 61 91 46 42 39 49 19 58 16 22 95 59 90 55 56 96 91 70 68 48 13 50 46  8  1 55 59 77 75 50 84 69 10 64
 52 80 17 92 92 19  7 51  5  4 35 81 77 75  9 35 74 32  3 26 21 67 95 77 84 95 31 59 15 39 88 44 18 81 64 55 26 45 69 68 55 13 17 20  2 31 30 84 54 31 37 81 14  4 64 63 56 56 24 62 44 90 93 26 39 40 73 37 94 84 36 45  3  4 53 86 50 73  3 46 93 64 38 27 67 62 45 75 68 49 56 35 10 82 30 73 93 96 93 60
 10 80 49 30 79 41 26 22 81  8 85 22 60 97 86 94 61 86 85 44 98 16 82 78 85 66  7 27 43 40 36 67 16 73 63 40 10 39 68 87 86 37 43 85 11 41 23 38  5 15 44 73 11 41 23 17 81 96 47 93 34  4 71 24 90  3 38 65 97 55 81 65 88 61 56 82 81 53 45 36 46 83 84 41 52 57 54 93 37 20 82 55 98 73 29 18 49  1 45 67
 31 97 20 62 48 74  6 29 98 41 16 84 65 26 84 92 54 44 10 73 30 79 54 67 52 74 97 57 39  1 65 79 86 17 99  5 60 72 91 17 68 56 50  4 77 71 28 49 33 29 89 45 72 19 12 52 91 82 23 74 41 30 87  9 22 16 97 40 51 44 17  5 82 96 26 36 32 48 11  2 90 82 45 20  9 75 13  7  6 23 15 20 73 15 12 32 78 38 47 41
 83 77 93 26 19  9 81 46 11 77 35 13 10 29 93 27 20 86 28  2 60 62 40 69 86 76 46 97 84 80 42 99 56 54 48 86 35 85 14 18 34 82 16 19 61 32  7 22 19 82 35 77  8 18 23 21 66 34  9 27 51 79 38 31  1 57 12 60 79 68 76 58 55 78 74 26 98  8 19 78 55 92 21 44 86 53 51 91 31  5 28 13 74 27 45 69 80 63 26 98
 79 41 86 98 60 81 43 14 60 15 21 96 11 43 83 89 17 78 67 21 35 98 39 22 35 53 38 76 97 46 43 21 50 38 17 89 68  3 64 34 67 63 67 92  4 58 29 68  7 49 77 72 69 29 88 89 96 42 47 29 86 79 25 19 88 40  4  5 37 48 87  8 27  6 68  9 86 57 70  9 46 71 45 30 52 99 32 25 10 21 63 32 15 29 40 57 78 74 39 38
 57 26 72 31 32 45 93  9 43 56 36 11 10 93 93 99 45 15 34  7  6 64 36  7 88 61 69 72 85 16 76  6 51 35 90 68 55 29 73 76 97 67 58 45 56 14  4  8 38 74 68 91  3 93 77 99 42 37  3 70 62 82 26 49 78 76 20 59 59 52 99 20 99  4 81 58 28 76 18  7 55 76 20 99  6 78 55 80 48 17 36 33 44 46 61 27 34 43 47 15
 86 57 17 66 44 72 58 65 55 74 38 65 59 13 79 28 96 33 97 37 16 55 79 11 51 19 12 22 42 29 73 16 66 34 38 66 51 74 53 52 50 44 24 78 45 77 52 45 50 20 92 79 82  5 48 28 87 62 69 38 67 25  2 17 13 16 26 91 78 15 34 80  7 71 95 61 40 56 48 92 20 50 89 43 26 16 70 80 42 86 81  3  5 15 50 43 21 88 12 38
 20 89 86 78  8 87 32 50  9 34 87 79 45 77 91 82 53 34 79 34 88 46 58 62 84 82 46 93 75 79 79 21  3 93 97 52 20 71 72  5 48 92  3 91 50  8 66 74 12  3 25 28 84 42 68 88 72  8 22 37 40 65 74 78 85 18 70 76 90 48 15  7 90 11 33 83 44 86 39 19 76 61 58 73 71 25 39 72 69 68 24 15 67 70  3 70 66 52 12 96
 55 92 17 58  4 62 26 82 19 15 95 34 60 48 44 54 74 90 57 29  6 37  5 41 91 63 28 77 73 82 41 33 33 22 93 83 87 22 42 87 52 35 78 65 13 97 56 25  7 82 70 92 52 83 29  1 31 63 75  5 72 89 87 75 26  3 24 30 78 55 49 70  5 36 92 76 14 38 76 12 63 87 82 20 10 76 68 49 89 33 27 77 60 52 87 85 21 49 41 65
 44 31 24 74 24 57 98 53 78 99 98 12 21 45 59 91 17 81  5 18 56 82 26 42 70 49 87  1 89 20 41 80 89 11 51 14 38 81 21  5 59  5 23 97 46 38 27  9 43 57 31  7  4 70 74 68 72 49 45 25 88 23 78 86 54 55 31 76 62 40 41 59 37 75 60 11 85 95 67 94 94 64 46 88 86  2 32 47 64 26 25 37 59 12 65 20 11 19 66 20
 97 13 97 71 34 30 32 66 73 96 25 94 14 55 61  7 49 27 20 90 85 44  2 86 24 87 75 34 66 55 72 74 25 22 93 13  3 84 67 48 26 64  4 73 71 83 95 79 15 44 21 36  5 68 61 97 94 95 43  7 60 18 73 44 12 41 88 81 30 50  6 16 43 70 63 22 78 95 78 94 93  1 70 38 27 58 95 60 61 33 57 40 71 50  3  2 13 88  1 93
 38 35 93 98 11 30 27 51 76 41 47 13 81 85 69 76 90 71 10 43  6 40 70 54  9 98  5 93 62 29  8 88 84 45 91 97  2 12 73 91 45 58 50 64 55 40 76 50 71 62 13 83 86  5 92 91 17  2 29 37 82 74 49 28 57 85 63 87 68 24 45 98 94 89 43 55 79 49  8 82 77 80 31 90 55 62 93 18 75 99 39 25 78 85 22 95 85 51 89 12
 49 28 40 49 71 69 93 60 99 46 41 19 48 75 91 45 37 94  4 22 96 27  7 16 38 68 82 97 25 42 52 90 68 28 19 40 57 31 78 28 49  9 13 23 62 92 38 99 51 31 12 12 31 13 10 45 37 76 45 58 73 51 50 10 34 74 98 91 65  6 80 76 44 66 19 83 31 71 19 81 96 45 64 17 58 86 41 18 34  7 87 29 55 67 86 33 37 69 57 46
 46 18 96 98 84 89 13 12 98 52 93 85 56 62 69 93 95 76 97 12 70  8 44 78 35 77 74 91 53 57 32 67 83 93 28 58 55 99 11 38 47 69 32 81  1 49 93 13 94 99 89 76 75 75  8  1 11 66 37 91 44 30 19 40 95 53 89 88 26 63 85 16 89 56 11 10 81 24 63 73 39 78 32 32 57 46 33 11 13 14  9  9 55 28 74 74 35 12  4 97
 51 95 71 23 73 40 18 83 37 50 64 92 50 29 56 71 15 10 33 44  6 98 32 90 16 40 13 95 88 86  3 65 67 56 59 53 82 50 50 86 87 36 42 11 81 61 96 61 27  2 79 57 92 94 57 60 39 96 10 58 77 86 27 42 97 53  2 28 35  7 14 75 40 39 97 91 22 87 99 36 58 98  3 34  6 72 45  8 24 79 98 34 56 22 28 50 49 41 11 87
 82 30 26 78 84 64 99 18 93 14 21  7 59 33 95 74 14  2 66 96 52 15 72 19 16 96 66 84 13 21 56 94  9 37  9 95 95 60 67 95 54 43 25 52 60 77  8  3 22 46  1 65 92 77 86 28 81 11 11 11 63 42 69 36 38 41 97 98 33 28 84 52 95 75 85 26 81 55 49 64 66 68 38 21 94 89 48  1 11 65 41 68 62 99 37 16 23 53 37 32
 39  7 92 39 43  9 87 52 26 34 89 26 20 29 74 42 93 18 34 98 96 56 44 67 52 34 12 64 52 80 80 10 43 92 92 26 57 35 23 26 76 28 55 79 88 80 20 81 12 76 70  5 68 74 18 89 64 36 98 32 51 27 87 22 56 21 45  6 32 48 94 15  8  2 37 35 12 77 90 61 52 27 50 21 86 10 70 88  9 39 67 89 75 93 35 26 76 78 70 96
 98 33 13 61 72 63 79 26 68 69 15 79  4 78 22 76 46 48 18 90 85 29 43 34 20 77 99 55 84 94 47 33 17 76 99 75 11 69 90  7 64  3 25 99 40 87 95 16 81 72 84 93 74 34 12 77 11 76 73 10 45 51 15 76 88 59 86 41 48 24 37 56 45 19 68 65 18 54 38 12 54 64  6 67 42 30 22 62  8 78 57 67  9 72 71  6 43 60 12 14
