3452
 861 476 683 217 447 161 514 842 682 302
 387 238 954  28  39 824 696 742 159 419
 983 220 211 683 506 207 124 726 818 553
 192 928 812 508 295 563 525 395 975 274
   6 293 887 225 787 352 950 339 655 168
 532  57 260 639 772 252 900 929 197 300
 792 564 521 755 743 888 994 647 182 303
 977 410 835 105 909 698 410 575 976  91
 173 107 201 909 584 428 283 399 283 727
 925  52 974 112 152 759 518 628 354 556
 361 457 794 826 242 927 681 773 868 751
 546 987 926 930 249 328 511 724 931 161
 336 154  54 362 827 215 625 308 824 859
 767 301 230 560 326 427 119 876 656  96
 636 865 515  62  16 335 185 583 619 390
 727 706 367 287 144 336 435  16 710 698
 377 843 459  17 578 834 297 237 386 195
 509 829  12  22 165 673 565 143 742 675
 113 213 109 120 307 330 986   4 509 385
 601 751 513 763 273 965 224 234 256 609
 388 645 346 668 318  52 800 704 928 902
 680 527  21 306 339 419 913 211 397 518
 582 515 913  12 197 129 481 333 209  31
 177  20 495 720  91  30 700 113 552 561
 880  85 782 388 997 507 502 341 171 384
 216 561 218 126 493 949 817 576 579 630
 998  27 260 670 502 236  99 856 534 485
 775 579 422 686 857 631 722 379 112 751
 882 827 107 937 200 461 806 761 986 864
 489 295 484 346 331  88 629 132 946 415
 616 376 652  16 779 231 739 157 699   9
 704 239 284 643 961 577 938 490 148 967
 744  77 358 486 384  39  37 724 319 476
 237 298 171 516 787 452 603 164 287 585
 657 409  43 518 831  62 494 733 669 707
  34 812 953 423 156  91 438 881 452 556
  43 856 596 623 443 762 411 798 570 258
 583 468 950 118 112 628 805 235 244 988
 253 730 609  69 504 839 479 720 614 174
 678 685 895 391  79 633 109 497 780 887
 181 410 339  79 157 998 326 733 515  41
 378  45 574 303 442 829 906 184 149 111
 104 740 239 538 796 919 760 494 863 226
 575  77 361 442 486  14 483  39 920 323
 893 883 285 934 144  95 924 117 501 641
 413 921 923 531 283 467 690   9 945 300
 232 581 100 848 261 503 184 199 555 550
 557 410  97 492 978 810 297 300 476 676
 252 321 741 341 514 622 385 349 947 549
 159 667 560 716 887 213 658 262 616 281
 230 970 923 336 705 317 501 154 194 638
 937 178 146 859 430 681 542  13 944 584
 960 755 157 738 423 316 492 700 752 718
 591 835 186  64 331 763 329 939 717 769
 621 151 380 217 797 215 401 575 100 230
 186 901 752 769 714 181  17 386 495 970
 171 992 145 960 326 916 318 882 799  62
 116 586 387 610 694 513 644  70 600 985
 105 522 757 351 365  57  34 586 763 657
 302 405 563 533 534 678 979 741  46 407
 573 112 214 460 729 307 400 313 751 238
 999 798 496  65 935 510 270   9 743 474
 913 385 942 514 406 311  43 739 102 477
 499 177 133 444 948 172 305 263  41 987
 405 650 394 226 643 358 419  81 761 340
 896 484 738 154 673 528 601 623 579 615
 870 385 892 555 385 935 688 224 603 220
 383 633 121 968 806   3 135 428 731  89
 558  93 369 586 137 667 176 607 273 693
 678 107  90 454 862 631 263 591 421 647
 731 647 220 667 437 776 883 190 989 225
 423 487 206  32 265 670 630 158 553 833
 972 866 299 537 790 596  69 221 323 537
 961 398 426 141 172  38 915 183 294 374
 849 422  68 753 674 249 511 355 966 382
 139 216 277 615  24 554 824 249 202 262
 148 828 751 154 648  17 879 614 546 424
 535  66 778 221 266 685 358 359  60 983
 120 621  87 686 387 738 862 132 873 976
 570 420 545 843  54 121 781 920 413 592
 142 858 929 504  71 347  41  15  77 703
 289 422 288 482 778 103 328 156 250 768
  39  64 314 681 147 483 161 429 638 421
 265 293 541 571 423 845 842 251 642 989
 275 747   2 664 292 296 418 248 951 115
 641 488 850 326 791 164  10 979 585 333
  53 412 751 561   8 571 585 779 434 506
 144 589 422 483 624 425 780 719 639 631
 734 389 524 439 664 100 993 705 415 682
 868 613 485 113 219 167  30 593  15 716
 413 414  48 913 615 824 210 549  28 133
 495 884 375 674   6 295 856 848 529 469
 873  73 975 373 221 666  34 407 322 298
 132 792 371 799 474 590 170 813 835 404
 131 844 866 367 800 194  20  56 234 959
 635 746 313 752 896 443 171 143 988 701
  21  68 382 267 724 812 976 770 435 615
   6 879  12 484 859 559 963 892 525 443
 624 544 575 150 894 849 846 180 271 535
 103 395 490  14 838 729 715 929 526 532
 178 921 845 995 619 409 205 472 438 445
 705 306 482  43 636 219 997  19 465 661
  80 963 219 560 320 770 596 288 209 949
 125  75 593 947 708 493 326 900  59 637
 225 846 370 620 285 815 528 418 430 637
 417 293 183 870 406 590 322 497 575 580
 897 798 396 327 702 634 772 241 330 565
 402 712 952 219 752 680 139 751 390 337
 825 808 993 404 592 625 955 406 736  78
 524 367 100 325 588 940 748 847 839 630
 852 335 439  81 270  11 310 115 971 263
 782  90 840 162 109 450 142 722 787 854
  25 324 214 134 553 905 577  92   2 379
 737 578 743 264 401 252 652 394 529 668
 139  88 293 116 756  50 502 811 693 181
 244 705 877 567 839 493  27 640 462 883
 157 942 318 128 475 337 144 256   3 264
 118 217 219 688 333 378 681 749 540 192
 929 943 293 853 407 471  24 580 114 155
 167 740 134 181 860 847 546 658 148 653
 446  45   9 158 814 653 740 167 546 467
 412 222 963 881 128 920 951 816  13  56
  28 997 841 415 277 258 865  28 277  60
 518 325 533 882 562 215 357 494 775  97
 710 128 333 258 729 386 968 451 875 913
 875 707 611  47 659 784 956 466 862  87
 218 897 387 282 840 849 160 637 100 849
 127 307 953 987 542 975 388 977 255 915
 166 598 311 844 332 299 621 850 167 621
 602 567 540 853 110 454 567 142  13 798
 321 282 705 461  87 422 507 384 524 100
 258 709 238 430 838 505  81 682 951 140
 928 863 263 935 842 934 866 900 743 283
 353 598 525  78  48 348 338 138 315 611
 548 522  70 954 929 293 207 847 773 645
  98 305 485 258 847 585 947  72 263 804
  17 320 840 657 842 851 717  85 566 560
 683 113 496 938 407  95 503 596 784 161
 752 563 935 920 905 997 783 833 502 521
 728 474 463 623 558 726  26 340 699 906
  55  45 750 468 428 766 216 902 847 674
 570 455 185 937 965 490 687 596 922 122
 981 864 321 742 984 492 216 879  55 606
 806 580 508 868 281 981 428 951 263 670
 877 588 783 466 461 592 310 440 148 496
 743 218  83 408 520 568 107 346 147 514
 332 438 676 794 462 834 466 283 608 961
 940  22 530 121  71 456 199  79 520 721
  33 861 347 415 526 783  32  32 382 135
 909 154 889 546 170 363 470  72 921 929
 503 991 667 901 570 982 905 209 438  71
 967 612 712 184  63 329 462 947 187 743
 983 129 888 649 979 572 374 825 518  35
  86 798  74 159 888 978 984 209 381 837
  49 369 656 114 579 679  42 304 663 781
 739 436 115 925  91 171 282 675   1 846
 611 299 823 495 505 710 270  50 189 757
 419 777 718 299 407 552 855 490  62 406
 927 491 871 566 200  48 353 819 698 145
 986 616 781 770 427 151 207 411 504 436
  19 713 368 990 166 511 669 380 185 279
 926 828  76 608 389 718  92 541 132 218
 162 193 296 646 887 276 610 220 815 558
 911 581 340 687 797 761 333 580 720 573
 437  39 462 688 358 189 122 201 864 978
 312 515 224 357 312 178  10 368 112  81
 390 969 234 857 241 212 904 903 784 406
 256 834 906  85 722  28 847  17 327 245
  21 856 400 784 664 101 449 175 655 727
 698 840 217 988  42 361 434 550 310 351
 714  14 802 589 913 857 583 614 440 994
 683 210 285 199 333 226 288 612 144 727
 959 156 759 527 805 285 324 708 856  83
 660 165 337 355 710 591 402 524 149 940
 859 757 298 178 409 351 269 960 522 602
 657  47 277 782 510 296 892 252 701 449
 275 321  27 533 496 103 952 915 143 174
 146 223 653 659 700 958 569 184 989 639
 821 508 677 676 589  60 391 628 638 210
 618 851  77 899 305 366 857  61 927 165
 729  24 127 605 994 981 646 683 565  98
 306 434  66  96 715 676 505 167 267 727
 626   1 340 513  75 778 817  99 112 550
 462 664 383 613 868 953 882 733 917  11
  24 212 850 644 160 250 708 439 257 806
 227 923 268 994 561 352 307 441 510 293
 177 822 204  68 348 809 575 261 138  43
 519 922 796 375 683  95 631 186 218 677
 502 606 787  73 798 484   1 216 638 697
 753 235 393 254 828 751 692 202 274 245
 409 968 281 729 558 958 687 133 235 839
 231 830 121 321 287 552  80  91 401 473
 956  83 544 936 328 344  35 616 713 508
 217 548 970 891 860 262 810 260 771 631
 948 272 960 264  23 228 293  70 994 157
 129 621 774 656 104 733 573 719 945 489
 129 168 482 936 119 518 338 680 479 701
  69 391 579 474  42 266 538 132 992 453
 256 151 780  80  32 601 479 686 545 727
 114 123  85 347 770 904 775 279 817 465
 915  29 339 134 352 358 538 250 426 759
 402 259 597 468 570 393 292  29 341 581
 684  45 511 193 749 336 811 668 690 332
 230  26 295 116 566 708 325 560 936 157
 468 364 561 366 978 826 345 434 341 573
 585 529 459 871 937 102 918 951 357 969
 236 357 532 296 619 957 158 290 975 643
 747  50  70 526 337 179 586 870 970 397
 596 394 932 967 761 733 418 576  13 534
 383 677 809 562 904 531 713 478 948 775
 607 296 110 718 665 346  17 229 432 769
 941 402 493 375 530 856 305  80   2 668
 674 349 495 182 434 277 153 517  30 123
 197 189 949 131 783  77 911 454 916 769
 947 815 175 296 497 527 750 482  35 287
 562 953 775 988 719 204 957 160 707 162
 243 266 986  79 756 285 356 964 890 202
 578 181 397 829 813  48 494 584 788 656
 314 853 999 534 409 166 108 182 853 590
 623 495  54 801 428 320 208  22  41 945
 909 670 963 369 463 555  27 353 201 206
 665 514 737   7 440 438 296 725 538 486
 818 477 182  78 590 954 852 310 906 727
 672 510 700 261 863 762 458 659   8 634
 154 177 428 517 919 495 229 616 780 629
 113 208 975 450 289 392 601 270 620 773
 483 317 514 271  21 901 495 116 516 739
 973 634 717 405 747 652 304 194 145 345
 432 171 560 963  74  65 475  47 663 222
 714 757 990 225 652 368  53 847 297 311
 397 711 169  26  79 328 119 429 355 704
 385 827  46 365 232 298  85   6  96 374
 578 405 744 236 109 418 400  66 404 475
 733 151 887 621 860 802  53 704 265 285
 765 750 373 388 641 152 107 676 607 277
 132 831 970 144 743 709 940 381 692 753
 705 489 696 366 397 836 542 486 277 816
 532 580  52 983 960 280 465 599 186 692
 663  10 989 602 292 883 371 600 616 128
  93 345 815 117  99 411 762 652 532 922
 415 476 890   2 355 179 621  81 583  96
 896  63 502  62 298 795 219 397 909  56
  91 795 189  79 217 712  82  67 442 486
 973 680 555  18 737 360 443 834 653 291
 693 958  93 829 194 214 314 443  52 581
 869 751 340 647 190 521 415 153 210 437
 122 482 434 457 613 900 893 992 707 777
 183 337 913 828 252 362  40 573 517 504
 118 258 584 684 372 669 733 560 344 643
 674 953 113 910 507 272 524 708   6 759
 763 558 558 372 989 272 475 349 759 170
 215 859 166 974 612 779 813 177 483 810
 959 311 290 968 949 165 611 672  53 351
 945  46 453 651 354 472 490 578  92  12
 503 760 136 120 173 603 537 286 717 206
 525 211  45   9 495 563 793 164 989 725
 189 465 408 164 243 857 769 838 412 762
 453 889 243 229 637  18 540 741 167 975
 566 719 571  26 807 716 956 542 428 352
 510 829 344 208 315 350 225 900 429 199
 373 767 737  53 776 778 300 408 493 310
 537 348 262   6 957 644 678 136 963 236
 266  97 666 505 358 664 612 765 317  33
 583 804 818  59 346 691 527 741 728 278
  84 757 706 627 134 277 247 581 714 496
 631  99 341 293 175 395 893 644  73 495
 657  28 705 233 817 227 907 923 142 376
 554 533 387 254 957 361 336 270 626 874
 400 550 100 111 513 559 380 473 639  83
 491 751 416 586 494 184 266 987 674 591
 494 661 631   7 703 898 598 424 847 250
 107 691 840 777 534 777 670 641  51 432
 709 239  90  70 982 133 476 286 882 181
 124 862 482 106 243  58 561 712 565  14
  74 402 726 317 769 180 325 127 919   6
 979 895  42 497 714 511 774 218 998  90
 412 773 559  30  28 739 294 967 309 243
 415 254  42 440 746 369 744  86 486 915
 798 846 983 406 600 966 237 463 433 518
  38 673 625 856 106 111 479 717 713 347
 724 161 133 993 807 801  54 984 545 549
 459  24 666  85 508 635 171 883 951 835
 625 232 991 837 116 845 519 645 209 125
  58 526 806 265 127   7 448 448 960 828
 180 948 507 653 509 962 818 579 971 606
 981  64  41 285 485 509 304 281 975 105
  17 166 109 164 783  77  30 791 669 870
 603 491 482 786 122 938 337 849 211 956
  38 419  74 510 599 128 368 741 235 628
 677 678 723 972 871 843 304  43 702 372
 400 678 145 685 309  92 616 930 784 839
   2 415 633 132 797 461 640 934 514 708
 976 680 850 885 978 601 176 473 246 136
  28  96 793 810 970 651 341 218 333 612
 513 551 734 724 446 280 950 327 731 408
 423 513 826 550 551 767 452 433 878 485
 311 653 114 238 230 929 294 153 886 642
 635  86 808 729 377 980 791 122 153  45
 663 171  20 584 701  81 853 890 845 373
 859  39 821 217 695 396 512 223 551 279
 877 170 314 983 579 242 123   3   7 442
 252 874 653 573  53  70 548 835 263 549
 478 456 225 816 332 572 130 694 670 804
   4  45 272 526 584  58 562 883 790 936
 456 551 719 403 943 892 497 250 535 908
 904 360 900 836 905 225  17 394   2 181
 958 310 938 988 850 768  86 190 517 973
 422  54 726 884 650 741 399 127 351 125
 458 113 132 666 485 595 856 999  77 677
 522 230  54 704 869 775 822 871 284 386
 829 953 887 349 633 199 566 725 712   2
 241 820 936 990 322 533 828 740 258 396
 739 744 921 340 663 473 131 394 619 540
  68 574 710 195 678 743 214 979 813 916
 401 368 216 989 215 408 877 355 754 602
 118 399 254 642 260 933 715 631 486 759
 297 603 952   9 193 192 512 482 332  39
 764 800   4 801 548 609 563 555 828  48
 111 837 464 915 497 745 621 360 163 913
 121 709 738 214 479 870 740 961 535 136
 476 508 813 189  91 201 938 981 874 548
 223 456 570 627 754 779 970 147 514 494
 385 786 649 609  52 848 213  66  36 248
 113 798 758 649 583  18 850 391 513 332
 872 826 942 545 829  79  67 548 198  72
 672 733 387 234 706 148 168 713 343  23
 391 521 439 692 320 645 121 748 901 525
 419 413  98 757 886 208 613  23 311 904
 333 666 654   2 398 171 953 939 645 534
 284 695 741 375 731 563 922 205 495 766
 485  75 631 301 921  32 385 861  69 616
 214 258 151 202 446 148  71 634 880 924
  65 965 876 765 245 928  35 880 355 765
 803 983 866 442 549 997 939 465 189 449
 968 940 732 339 851 476 853 745  85 986
 196 766 435 785 985 237 290 225  15 841
 830  86 967 435 939 152 197 830 769 998
 476  38 911 601  50   8 661  13 910  92
 744 517 440 453 987 298 502 640 485 234
 567 164 588 448 334  84 619  55 625 650
 259 697 250 220 119 931 966 845 832 655
  78 412 980 236 770 300 180 331 141 431
 667 648 408 495 491 664 673 812 248 925
 507 835 474 153 937 313 839 985 517 961
 639 778 438 255 144 283 379 947 892 638
  40 587